0 1087 370 2 1 42
1 1266 388 2 0 2
2 1437 405 2 1 3
3 1617 426 2 2 4
4 1796 446 2 3 5
5 1973 462 2 4 6
6 2150 479 2 5 7
7 2331 497 2 6 8
8 2507 513 2 7 9
9 2686 532 2 8 10
10 2861 548 3 9 11 25
11 3064 675 3 10 12 25
12 3168 830 2 11 13
13 3262 974 2 12 14
14 3368 1126 2 13 15
15 3470 1275 2 14 16
16 3667 1568 2 15 17
17 3774 1718 2 16 18
18 3876 1868 2 17 19
19 3980 2015 2 18 20
20 3806 2215 2 19 21
21 3629 2228 2 20 22
22 3442 2242 2 21 23
23 3267 2255 2 22 24
24 3088 2269 3 23 31 32
25 2936 739 3 10 11 26
26 2890 904 2 25 27
27 2841 1073 2 26 28
28 2792 1246 2 27 29
29 2738 1413 2 28 30
30 2689 1581 2 29 31
31 2637 1744 3 30 24 32
32 2084 1892 3 31 24 33
33 1962 1771 2 32 34
34 1841 1654 2 33 35
35 1717 1525 2 34 36
36 1594 1399 2 35 37
37 1469 1278 2 36 38
38 1347 1157 2 37 39
39 1223 1028 2 38 40
40 1096 903 2 39 41
41 964 778 3 40 42 43
42 871 511 3 41 0 43
43 624 1305 3 42 41 44
44 570 1469 2 43 45
45 457 1770 2 44 46
46 376 1924 2 45 47
47 289 2069 1 46
